35,1
35,3
37,1
37,3
40,35
3,2
3,1
3,3
10,212
10,166
10,105
10,102
10,145
10,156
10,65
10,2
10,3
11,10
11,12
11,14
11,18
11,4
9,6
9,4
9,2
9,3
8,4
8,6
8,15
8,17
8,11
8,2
8,3
20,3
20,2
20,1
19,3
19,2
19,1
12,3
12,2
12,1
11,27
11,26
18,1
11,25
18,3
11,24
11,23
11,22
11,21
11,20
11,19
11,17
11,15
11,13
11,11
11,9
11,7
11,5
11,3
11,2
11,1
10,308
10,307
10,306
10,305
10,304
10,303
10,302
10,301
10,300
10,299
10,298
10,297
10,296
10,295
10,294
10,293
10,292
10,291
10,290
10,289
10,288
10,287
10,286
10,285
10,284
10,283
10,282
10,281
10,280
10,279
10,278
10,277
10,276
10,275
10,274
